27
91
48
59
51
55
59
52
48
109
27
91
48
59
51
55
59
52
48
109
27
91
55
57
68
27
91
75
89
111
117
32
97
114
101
32
99
97
114
114
121
105
110
103
32
49
54
55
32
103
111
108
100
32
99
114
111
119
110
115
44
32
52
32
115
105
108
118
101
114
32
110
111
98
108
101
115
44
32
49
55
32
99
111
112
112
101
114
32
102
97
114
116
104
105
110
103
115
44
32
97
115
116
114
97
108
13
10
115
108
105
112
112
101
114
115
32
40
70
101
101
116
41
44
32
115
105
108
118
101
114
32
104
111
111
100
32
40
72
101
97
100
41
44
32
97
115
116
114
97
108
32
114
111
98
101
115
32
40
84
111
114
115
111
41
44
32
102
105
110
103
101
114
98
111
110
101
32
98
114
97
99
101
108
101
116
13
10
40
87
114
105
115
116
41
44
32
115
105
108
118
101
114
32
98
114
97
99
101
108
101
116
32
40
87
114
105
115
116
41
44
32
102
105
110
101
32
112
108
97
116
105
110
117
109
32
99
104
97
105
110
32
40
87
97
105
115
116
41
44
32
101
108
118
101
110
32
99
108
111
97
107
13
10
40
66
97
99
107
41
44
32
112
114
105
115
109
97
116
105
99
32
116
114
111
117
115
101
114
115
32
40
76
101
103
115
41
44
32
115
105
108
118
101
114
32
98
114
97
99
101
114
115
32
40
65
114
109
115
41
44
32
109
111
111
110
115
116
111
110
101
32
114
105
110
103
13
10
40
70
105
110
103
101
114
41
44
32
100
105
97
109
111
110
100
32
111
118
101
114
99
108
111
97
107
32
40
87
111
114
110
41
44
32
115
105
108
118
101
114
32
103
108
111
118
101
115
32
40
72
97
110
100
115
41
44
32
111
97
107
101
110
32
115
116
97
102
102
32
40
87
101
97
112
111
110
13
10
72
97
110
100
41
44
32
113
117
101
115
116
32
109
101
100
97
108
108
105
111
110
44
32
114
111
112
101
32
97
110
100
32
103
114
97
112
112
108
101
44
32
112
114
105
115
116
105
110
101
32
115
99
114
111
108
108
13
10
27
91
55
57
68
27
91
75
27
91
48
59
51
55
59
52
48
109
89
111
117
32
104
97
118
101
32
110
111
32
107
101
121
115
46
13
10
27
91
48
59
51
50
109
87
101
97
108
116
104
58
32
27
91
51
54
109
49
54
55
53
55
32
99
111
112
112
101
114
32
102
97
114
116
104
105
110
103
115
13
10
27
91
48
59
51
50
109
69
110
99
117
109
98
114
97
110
99
101
58
32
27
91
51
54
109
54
56
51
47
50
54
52
48
32
45
32
27
91
51
50
109
76
105
103
104
116
32
91
50
53
37
93
27
91
48
109
13
10
27
91
55
57
68
27
91
75
27
91
48
59
51
55
109
91
72
80
61
51
50
48
27
91
48
59
51
55
109
47
77
65
61
51
49
54
27
91
48
59
51
55
109
93
58
